Ts = 1/500